   23.4551392         1.47500002    
   23.7618408         1.85000002    
   24.0685425         1.82500005    
   24.3752422         2.02500010    
   24.6819439         2.25000000    
   24.9886456         2.45000005    
   25.2953453         2.90000010    
   25.6020470         3.87500000    
   25.9087486         5.02500010    
   26.2154503         10.8500004    
   26.5221500         41.4249992    
   26.8288517         6.80000019    
   27.1355534         3.57500005    
   27.4422531         2.67499995    
   27.7489548         2.32500005    
   28.0556564         2.20000005    
   28.3623581         2.22499990    
   28.6690578         1.85000002    
   28.9757595         1.47500002    
   29.2824593        0.925000012    
