   26.2873249        0.500000000    
   26.3067780        0.349999994    
   26.3262329        0.550000012    
   26.3456841        0.500000000    
   26.3651390        0.649999976    
   26.3845921        0.750000000    
   26.4040451        0.449999988    
   26.4235001        0.949999988    
   26.4429512        0.899999976    
   26.4624062        0.750000000    
   26.4818592         1.64999998    
   26.5013123         2.00000000    
   26.5207672         2.54999995    
   26.5402184         4.40000010    
   26.5596733         5.19999981    
   26.5791264         6.15000010    
   26.5985794         7.05000019    
   26.6180344         8.89999962    
   26.6374855         13.9499998    
   26.6569405         41.7999992    
